(66 66666666.

sissent 616666 1666666611666 1616666, 6 1666161 66 &leurs
oeuvres; 6611 6666 66616666 66111666 6 66616 donner ees
bonnes 66611166 61 666 6611666, 66666 qu’il les 6666666666( 66
66161. Gar quoiqu'on dise (1666 16 66616666 16 6166 6611166, 666
11166 6 66616 6666661666166 16666666, 61 66’66666616666 66-
6666 (1666 166 autres qui 6661666666666661 66666, 661161611
prendre 16 661666 66666166 6 666 fils, 6666666166 leurs 66-
61666, 6666616666 1666 ceux qui 6661666166161 (16661616166
61 finale, serent 666666, 11 (16666666 16616666 6661 666 66116
161 6166661 66 (1666611166 ; 6666666 6666666 616616 6 166166
1661666666 (666666; 661116616666666666 6666666616 excite
jusqu’e notre volente, 61 666 11166 6666 (16666 16 6661616 61 16
16166. Et 6611666 6616 6616666 666 66666666 61116666 666 6116-
166666, 6661-661166 666 66 6666666661 (11616 161661666, 661
, ⁴ determine 6611666666166166 6616616 666166 666116 1611; 6611
6611616 611 qu’une grece 6611166616, mais qui 66161666 666116
666166 6666, 61 (16 (1666616 61116666 666 les 6166666166666 16-
166666 6166166666616 l'homme se trouve, 6166 1116616 mis :
111661 16616666 66666166 direque 11166 661 16 (16661666 661666
(16 66161,(1616·66666, (1616 161, 61 (16161661166 6616666-(1116161.
1116611666161661166 6611 16 66666 66 16 66116 (16 (1666616 (16
11166616 donner 16 161, 11 demeure toujours 6661 qu’il (1666616
16166 16 661616661 bon lui semble, 6666 qu’il paraisse 66-
6666 661666 (16 666 611616, 16666166 1666166 666 666 661666-
petit nombre d’hommeS.

De 66616 6666661 66 jugement 16661616 66611166, (1666661
666 1116661666 6666 166116 6666666666, 61 61661 1661666
661666 61 6661166 (16 66161 (166 hommem 66 seuve 66661661 61
666, 61 6116666666 1666 166 661666 66 (116616 666 6666611, 661
16616666661661666611666661, 611666 1611 6666166166611666-
1666; 666166’116 61661 6161666 66666 6666 66666166 61 mani·
166166 66 home, 66166116661666 66166666616611666ε 61661666-
rement imprime (16616616166 (1611661, 6661666 666 hommes
ne 66616616666661(666616616161666116 666 66666 66611166
6 66666616666 66666166 666166161166, 61666611611666611
66116 66 6661616661661 666; 666 66 peche 66116666661611666616

6666666666, erant que 166666166166 6116661; 666 666166

 

